118,3
118,2
10,24
118,1
118,0
45,4
10,284
45,3
45,2
10,182
45,1
45,0
10,260
44,4
44,3
44,2
10,18
10,245
44,1
44,0
43,4
10,101
43,3
43,2
10,186
10,2
43,1
43,0
41,5
41,4
11,4
41,3
41,2
9,7
9,3
41,1
41,0
38,6
38,5
38,4
8,16
38,3
38,2
8,18
8,7
8,8
8,10
38,1
38,0
36,6
36,5
36,4
36,3
36,2
36,1
36,0
34,6
34,5
34,4
34,3
34,2
34,1
34,0
32,5
32,3
32,2
32,1
24,3
24,1
20,3
20,2
20,1
19,3
19,2
19,1
12,3
12,2
12,1
11,30
11,29
11,28
11,27
11,26
11,25
11,24
11,23
11,22
11,21
11,20
11,19
11,18
11,17
11,16
11,15
11,14
11,13
11,12
11,10
11,9
11,7
11,5
11,3
11,2
11,1
10,311
10,292
10,265
18,1
10,233
